$ANSIBLE_VAULT;1.1;AES256
65616338613736333462373864666132353265386236393733333336363930353366623362623833
3264373036383461653761646165363136643036363662610a336430343462353132353333323837
63613764333933306332646564623337303737613334623236623063356635383236623337613663
3837353666613333300a343536313861313234333430383238323634313631343564666163643461
61333630376665333533313735623433613664643062613136643465373539366135353761643632
64333138383739373164363465666261353239636562633962636365323139313131386564346432
65346534616561636436636264376538646538373765323933333262313634666364633932323865
36343662376333353435393037356561386566346439356164343132313336313036383562366634
66643737316166333263333035393934303734386565623564326662636636656462393735343532
32366634343530333230656433393766363663363665313631363263363534326562363437333162
36343833636535656432303562363639633164326162633164313866313931326634663934666233
32663031653735623130323633393266613938336633646532313365376333366136396364623466
66303332356530336532663330333338303063613263636439323466643865613837393365306266
39316562613363343330383864306630366336323164663733343435396265663464613865343236
30363934313136333237366639396166643137653733393234313230666663663863323039313763
63323732623830636636
